Annotation Cluster 1	Enrichment Score: 0.7134305611461967
Category	Term	Count	%	PValue	Genes	List Total	Pop Hits	Pop Total	Fold Enrichment	Bonferroni	Benjamini	FDR
UP_KW_DOMAIN	KW-0798~TonB box	6	3.1088082901554404	0.14934327551179205	7332572, 7331417, 7330614, 7330229, 7329791, 7330821	61	61	1289	2.0784735286213385	0.7667675065409896	0.5317117784602019	0.5317117784602019
UP_SEQ_FEATURE	DOMAIN:TonB-dependent receptor-like beta-barrel	6	3.1088082901554404	0.1572519321166321	7332572, 7331417, 7330614, 7330229, 7329791, 7330821	151	57	2976	2.074590449634019	0.9999999999858136	1.0	1.0
UP_SEQ_FEATURE	DOMAIN:TonB-dependent receptor plug	6	3.1088082901554404	0.17401822147399157	7332572, 7331417, 7330614, 7330229, 7329791, 7330821	151	59	2976	2.004265349646425	0.9999999999992455	1.0	1.0
INTERPRO	IPR000531:TonB-dep_rcpt_b-brl	6	3.1088082901554404	0.20403196113084454	7332572, 7331417, 7330614, 7330229, 7329791, 7330821	172	61	3317	1.8968738086160883	1.0	1.0	1.0
INTERPRO	IPR012910:Plug_dom	6	3.1088082901554404	0.22284986498287884	7332572, 7331417, 7330614, 7330229, 7329791, 7330821	172	63	3317	1.836655592469546	1.0	1.0	1.0
INTERPRO	IPR036942:TonB_rcpt_b-brl_sf	6	3.1088082901554404	0.28205231299643996	7332572, 7331417, 7330614, 7330229, 7329791, 7330821	172	69	3317	1.6769464105156724	1.0	1.0	1.0

Annotation Cluster 2	Enrichment Score: 0.508003724848309
Category	Term	Count	%	PValue	Genes	List Total	Pop Hits	Pop Total	Fold Enrichment	Bonferroni	Benjamini	FDR
UP_SEQ_FEATURE	DOMAIN:ABC transporter	5	2.5906735751295336	0.1890755363352179	7331829, 7331456, 7331564, 7329921, 7329944	151	45	2976	2.1898454746136866	0.9999999999999486	1.0	1.0
INTERPRO	IPR003439:ABC_transporter-like_ATP-bd	5	2.5906735751295336	0.19987514993249542	7331829, 7331456, 7331564, 7329921, 7329944	172	45	3317	2.142764857881137	1.0	1.0	1.0
SMART	SM00382:AAA	5	2.5906735751295336	0.45878948769089645	7331829, 7331456, 7331564, 7329921, 7329944	32	74	666	1.40625	0.9999999367751166	1.0	1.0
INTERPRO	IPR003593:AAA+_ATPase	5	2.5906735751295336	0.5357688980923648	7331829, 7331456, 7331564, 7329921, 7329944	172	74	3317	1.3030326838466373	1.0	1.0	1.0

Annotation Cluster 3	Enrichment Score: 0.5075342498600887
Category	Term	Count	%	PValue	Genes	List Total	Pop Hits	Pop Total	Fold Enrichment	Bonferroni	Benjamini	FDR
UP_SEQ_FEATURE	DOMAIN:Acyl-CoA dehydrogenase/oxidase N-terminal	3	1.5544041450777202	0.2671490132027536	7332618, 7331432, 7332169	151	20	2976	2.956291390728477	1.0	1.0	1.0
UP_SEQ_FEATURE	DOMAIN:Acyl-CoA oxidase/dehydrogenase middle	3	1.5544041450777202	0.2671490132027536	7332618, 7331432, 7332169	151	20	2976	2.956291390728477	1.0	1.0	1.0
INTERPRO	IPR013786:AcylCoA_DH/ox_N	3	1.5544041450777202	0.27586129436543716	7332618, 7331432, 7332169	172	20	3317	2.8927325581395347	1.0	1.0	1.0
INTERPRO	IPR006091:Acyl-CoA_Oxase/DH_mid-dom	3	1.5544041450777202	0.27586129436543716	7332618, 7331432, 7332169	172	20	3317	2.8927325581395347	1.0	1.0	1.0
UP_SEQ_FEATURE	DOMAIN:Acyl-CoA dehydrogenase/oxidase C-terminal	3	1.5544041450777202	0.28623290494957776	7332618, 7331432, 7332169	151	21	2976	2.8155156102175973	1.0	1.0	1.0
INTERPRO	IPR037069:AcylCoA_DH/ox_N_sf	3	1.5544041450777202	0.2953658248669143	7332618, 7331432, 7332169	172	21	3317	2.7549833887043187	1.0	1.0	1.0
INTERPRO	IPR046373:Acyl-CoA_Oxase/DH_mid-dom_sf	3	1.5544041450777202	0.2953658248669143	7332618, 7331432, 7332169	172	21	3317	2.7549833887043187	1.0	1.0	1.0
INTERPRO	IPR036250:AcylCo_DH-like_C	3	1.5544041450777202	0.2953658248669143	7332618, 7331432, 7332169	172	21	3317	2.7549833887043187	1.0	1.0	1.0
INTERPRO	IPR009075:AcylCo_DH/oxidase_C	3	1.5544041450777202	0.2953658248669143	7332618, 7331432, 7332169	172	21	3317	2.7549833887043187	1.0	1.0	1.0
INTERPRO	IPR009100:AcylCoA_DH/oxidase_NM_dom_sf	3	1.5544041450777202	0.2953658248669143	7332618, 7331432, 7332169	172	21	3317	2.7549833887043187	1.0	1.0	1.0
GOTERM_MF_DIRECT	GO:0050660~flavin adenine dinucleotide binding	3	1.5544041450777202	0.7476765935141712	7332618, 7331432, 7332169	132	47	2353	1.1378143133462284	1.0	1.0	1.0

Annotation Cluster 4	Enrichment Score: 0.5032153573005287
Category	Term	Count	%	PValue	Genes	List Total	Pop Hits	Pop Total	Fold Enrichment	Bonferroni	Benjamini	FDR
SMART	SM00530:HTH_XRE	3	1.5544041450777202	0.25523574976443336	7330606, 7329808, 7331146	32	21	666	2.973214285714286	0.9996496451078314	1.0	1.0
UP_SEQ_FEATURE	DOMAIN:HTH cro/C1-type	3	1.5544041450777202	0.34301953820257447	7330606, 7329808, 7331146	151	24	2976	2.4635761589403975	1.0	1.0	1.0
INTERPRO	IPR001387:Cro/C1-type_HTH	3	1.5544041450777202	0.3532592691710692	7330606, 7329808, 7331146	172	24	3317	2.410610465116279	1.0	1.0	1.0

Annotation Cluster 5	Enrichment Score: 0.32848420250548965
Category	Term	Count	%	PValue	Genes	List Total	Pop Hits	Pop Total	Fold Enrichment	Bonferroni	Benjamini	FDR
UP_KW_MOLECULAR_FUNCTION	KW-0699~rRNA-binding	4	2.072538860103627	0.3040141223979449	7333047, 7333051, 7331783, 7333148	94	37	1781	2.0483036227717077	0.9999969024740257	1.0	1.0
GOTERM_MF_DIRECT	GO:0019843~rRNA binding	4	2.072538860103627	0.3555457141275461	7333047, 7333051, 7331783, 7333148	132	38	2353	1.8763955342902712	1.0	1.0	1.0
GOTERM_CC_DIRECT	GO:1990904~ribonucleoprotein complex	4	2.072538860103627	0.3933452575942733	7333047, 7333051, 7331783, 7333148	73	41	1312	1.7534246575342465	0.9975151558004893	1.0	1.0
GOTERM_CC_DIRECT	GO:0005840~ribosome	4	2.072538860103627	0.45366856623130714	7333047, 7333051, 7331783, 7333148	73	45	1312	1.5975646879756467	0.9992929106989055	1.0	1.0
GOTERM_MF_DIRECT	GO:0003735~structural constituent of ribosome	4	2.072538860103627	0.5872318920012086	7333047, 7333051, 7331783, 7333148	132	54	2353	1.3204264870931537	1.0	1.0	1.0
KEGG_PATHWAY	ccs03010:Ribosome	4	2.072538860103627	0.6551089692739386	7333047, 7333051, 7331783, 7333148	69	60	1235	1.1932367149758454	1.0	1.0	1.0
GOTERM_BP_DIRECT	GO:0006412~translation	4	2.072538860103627	0.6763719517091108	7333047, 7333051, 7331783, 7333148	79	62	1417	1.157207023274806	1.0	1.0	1.0

Annotation Cluster 6	Enrichment Score: 0.1406571647961937
Category	Term	Count	%	PValue	Genes	List Total	Pop Hits	Pop Total	Fold Enrichment	Bonferroni	Benjamini	FDR
SMART	SM00388:HisKA	3	1.5544041450777202	0.5827154617606571	7331726, 7333481, 7330284	32	41	666	1.5228658536585367	0.9999999999435489	1.0	1.0
INTERPRO	IPR003661:HisK_dim/P	3	1.5544041450777202	0.6591433942502979	7331726, 7333481, 7330284	172	43	3317	1.34545700378583	1.0	1.0	1.0
INTERPRO	IPR004358:Sig_transdc_His_kin-like_C	3	1.5544041450777202	0.7067342435465801	7331726, 7333481, 7330284	172	47	3317	1.2309500247402276	1.0	1.0	1.0
INTERPRO	IPR036097:HisK_dim/P_sf	3	1.5544041450777202	0.7067342435465801	7331726, 7333481, 7330284	172	47	3317	1.2309500247402276	1.0	1.0	1.0
SMART	SM00387:HATPase_c	3	1.5544041450777202	0.7256232213380833	7331726, 7333481, 7330284	32	53	666	1.1780660377358492	0.9999999999999993	1.0	1.0
UP_SEQ_FEATURE	DOMAIN:Histidine kinase	3	1.5544041450777202	0.7273196143814231	7331726, 7333481, 7330284	151	50	2976	1.1825165562913909	1.0	1.0	1.0
INTERPRO	IPR005467:His_kinase_dom	3	1.5544041450777202	0.7387073621906182	7331726, 7333481, 7330284	172	50	3317	1.1570930232558139	1.0	1.0	1.0
GOTERM_MF_DIRECT	GO:0000155~phosphorelay sensor kinase activity	3	1.5544041450777202	0.7683198163352363	7331726, 7333481, 7330284	132	49	2353	1.0913729128014842	1.0	1.0	1.0
INTERPRO	IPR003594:HATPase_C	3	1.5544041450777202	0.7854116288197401	7331726, 7333481, 7330284	172	55	3317	1.0519027484143764	1.0	1.0	1.0
INTERPRO	IPR036890:HATPase_C_sf	3	1.5544041450777202	0.8688231318242121	7331726, 7333481, 7330284	172	67	3317	0.8635022561610552	1.0	1.0	1.0

