Annotation Cluster 1	Enrichment Score: 9.206888018913292
Category	Term	Count	%	PValue	Genes	List Total	Pop Hits	Pop Total	Fold Enrichment	Bonferroni	Benjamini	FDR
GOTERM_MF_DIRECT	GO:0003735~structural constituent of ribosome	20	10.256410256410255	8.03408142834436E-12	7333050, 7329844, 7333044, 7332220, 7332221, 7330170, 7330484, 7333041, 7333053, 7331467, 7331896, 7330774, 7330773, 7330485, 7332208, 7332124, 7333048, 7333038, 7331206, 7331204	128	54	2353	6.8084490740740735	9.801637279593933E-10	9.80157934258012E-10	9.721238528296676E-10
GOTERM_BP_DIRECT	GO:0006412~translation	20	10.256410256410255	3.5090317179497874E-9	7333050, 7329844, 7333044, 7332220, 7332221, 7330170, 7330484, 7333041, 7333053, 7331467, 7331896, 7330774, 7330773, 7330485, 7332208, 7332124, 7333048, 7333038, 7331206, 7331204	96	62	1417	4.761424731182796	2.666863765377059E-7	2.6317737884623406E-7	2.6317737884623406E-7
KEGG_PATHWAY	ccs03010:Ribosome	20	10.256410256410255	8.4959592425317E-9	7333050, 7329844, 7333044, 7332220, 7332221, 7330170, 7330484, 7333041, 7333053, 7331467, 7331896, 7330774, 7330773, 7330485, 7332208, 7332124, 7333048, 7333038, 7331206, 7331204	92	60	1235	4.47463768115942	5.862210202822737E-7	5.862211877346873E-7	5.862211877346873E-7

Annotation Cluster 2	Enrichment Score: 1.4308911752531444
Category	Term	Count	%	PValue	Genes	List Total	Pop Hits	Pop Total	Fold Enrichment	Bonferroni	Benjamini	FDR
UP_SEQ_FEATURE	DOMAIN:Flagellin N-terminal	4	2.051282051282051	0.003782100867849522	7333201, 7329870, 7329872, 7333202	151	7	2976	11.262062440870388	0.4441945854901751	0.14655640862916897	0.14655640862916897
INTERPRO	IPR001029:Flagellin_N	4	2.051282051282051	0.004387409128706304	7333201, 7329870, 7329872, 7333202	177	7	3317	10.708635996771589	0.925953405994455	0.4328910340323554	0.4314285643227866
UP_SEQ_FEATURE	DOMAIN:Flagellin C-terminal	4	2.051282051282051	0.00582905378357481	7333201, 7329870, 7329872, 7333202	151	8	2976	9.854304635761588	0.5959218177045522	0.1807006672908191	0.1807006672908191
INTERPRO	IPR001492:Flagellin	4	2.051282051282051	0.006747782187047096	7333201, 7329870, 7329872, 7333202	177	8	3317	9.370056497175142	0.981834400880234	0.4993358818414851	0.4976489362947233
INTERPRO	IPR046358:Flagellin_C	4	2.051282051282051	0.006747782187047096	7333201, 7329870, 7329872, 7333202	177	8	3317	9.370056497175142	0.981834400880234	0.4993358818414851	0.4976489362947233
GOTERM_MF_DIRECT	GO:0005198~structural molecule activity	4	2.051282051282051	0.018416323854486473	7333201, 7329870, 7329872, 7333202	128	11	2353	6.684659090909091	0.8964538528242486	0.4493583020494699	0.4456750372785726
GOTERM_CC_DIRECT	GO:0009288~bacterial-type flagellum	4	2.051282051282051	0.028578837039648333	7333201, 7329870, 7329872, 7333202	105	9	1312	5.553439153439154	0.5013664981936022	0.11431534815859333	0.10002592963876916
UP_KW_CELLULAR_COMPONENT	KW-0282~Flagellum	4	2.051282051282051	0.5047402941715291	7333201, 7329870, 7329872, 7333202	80	40	1188	1.485	0.9999465851596071	0.9397853537125882	0.9397853537125882
UP_KW_CELLULAR_COMPONENT	KW-0966~Cell projection	4	2.051282051282051	0.5047402941715291	7333201, 7329870, 7329872, 7333202	80	40	1188	1.485	0.9999465851596071	0.9397853537125882	0.9397853537125882
UP_KW_CELLULAR_COMPONENT	KW-0969~Cilium	4	2.051282051282051	0.5047402941715291	7333201, 7329870, 7329872, 7333202	80	40	1188	1.485	0.9999465851596071	0.9397853537125882	0.9397853537125882
KEGG_PATHWAY	ccs02040:Flagellar assembly	4	2.051282051282051	0.6107791904653039	7333201, 7329870, 7329872, 7333202	92	42	1235	1.2784679089026916	1.0	1.0	1.0

Annotation Cluster 3	Enrichment Score: 1.1813300130162607
Category	Term	Count	%	PValue	Genes	List Total	Pop Hits	Pop Total	Fold Enrichment	Bonferroni	Benjamini	FDR
INTERPRO	IPR001917:Aminotrans_II_pyridoxalP_BS	3	1.5384615384615385	0.025176017619208155	7333613, 7330146, 7332967	177	5	3317	11.24406779661017	0.9999997218280148	1.0	0.9983079526226735
UP_SEQ_FEATURE	DOMAIN:Aminotransferase class I/classII	3	1.5384615384615385	0.08706852523256926	7333613, 7330146, 7332967	151	10	2976	5.912582781456954	0.9999992622351648	1.0	1.0
INTERPRO	IPR004839:Aminotransferase_I/II	3	1.5384615384615385	0.1303652190364728	7333613, 7330146, 7332967	177	12	3317	4.685028248587571	1.0	1.0	0.9983079526226735

Annotation Cluster 4	Enrichment Score: 0.6096077295829906
Category	Term	Count	%	PValue	Genes	List Total	Pop Hits	Pop Total	Fold Enrichment	Bonferroni	Benjamini	FDR
GOTERM_MF_DIRECT	GO:0030170~pyridoxal phosphate binding	4	2.051282051282051	0.18960250725951358	7333613, 7330146, 7332812, 7332967	128	28	2353	2.626116071428571	0.9999999999927361	1.0	1.0
INTERPRO	IPR015422:PyrdxlP-dep_Trfase_small	4	2.051282051282051	0.239480501683873	7333613, 7330146, 7332812, 7332967	177	32	3317	2.3425141242937855	1.0	1.0	0.9983079526226735
INTERPRO	IPR015421:PyrdxlP-dep_Trfase_major	4	2.051282051282051	0.28328750742384223	7333613, 7330146, 7332812, 7332967	177	35	3317	2.141727199354318	1.0	1.0	0.9983079526226735
INTERPRO	IPR015424:PyrdxlP-dep_Trfase	4	2.051282051282051	0.28328750742384223	7333613, 7330146, 7332812, 7332967	177	35	3317	2.141727199354318	1.0	1.0	0.9983079526226735

Annotation Cluster 5	Enrichment Score: 0.23101997332009458
Category	Term	Count	%	PValue	Genes	List Total	Pop Hits	Pop Total	Fold Enrichment	Bonferroni	Benjamini	FDR
SMART	SM00382:AAA	5	2.564102564102564	0.5102755613093541	7330747, 7332903, 7332558, 7330217, 7333149	34	74	666	1.323529411764706	0.9999999999991906	1.0	1.0
INTERPRO	IPR003593:AAA+_ATPase	5	2.564102564102564	0.5590785502154956	7330747, 7332903, 7332558, 7330217, 7333149	177	74	3317	1.2662238509696138	1.0	1.0	0.9983079526226735
GOTERM_MF_DIRECT	GO:0016887~ATPase activity	5	2.564102564102564	0.7106609966576053	7330747, 7332903, 7332558, 7330217, 7333149	128	88	2353	1.0444779829545454	1.0	1.0	1.0

