Annotation Cluster 1	Enrichment Score: 28.673491124852422
Category	Term	Count	%	PValue	Genes	List Total	Pop Hits	Pop Total	Fold Enrichment	Bonferroni	Benjamini	FDR
GOTERM_MF_DIRECT	GO:0003735~structural constituent of ribosome	42	21.53846153846154	1.9245136366302443E-40	7330328, 7332946, 7333044, 7333045, 7330170, 7333047, 7333040, 7333041, 7333042, 7333043, 7331467, 7330774, 7331466, 7330696, 7330773, 7333328, 7331784, 7331783, 7333048, 7333049, 7331206, 7331205, 7331204, 7333050, 7329844, 7333055, 7332220, 7332221, 7333057, 7333051, 7330484, 7333052, 7333053, 7333054, 7331896, 7330485, 7332208, 7333037, 7332124, 7330327, 7333038, 7333039	151	54	2353	12.119941133186165	2.251680954857386E-38	2.251680954857386E-38	2.213190682124781E-38
GOTERM_BP_DIRECT	GO:0006412~translation	43	22.05128205128205	5.900447207736531E-34	7330328, 7332946, 7333044, 7332593, 7333045, 7330170, 7333047, 7333040, 7333041, 7333042, 7333043, 7331467, 7330774, 7331466, 7330696, 7330773, 7333328, 7331784, 7331783, 7333048, 7333049, 7331206, 7331205, 7331204, 7333050, 7329844, 7333055, 7332220, 7332221, 7333057, 7333051, 7330484, 7333052, 7333053, 7333054, 7331896, 7330485, 7332208, 7333037, 7332124, 7330327, 7333038, 7333039	119	62	1417	8.258471130387639	5.133389070730782E-32	5.074384598653416E-32	5.074384598653416E-32
GOTERM_MF_DIRECT	GO:0019843~rRNA binding	32	16.41025641025641	3.292465114242317E-32	7330328, 7332946, 7333044, 7332593, 7333045, 7333047, 7333040, 7333041, 7333042, 7333043, 7330774, 7331466, 7331784, 7331783, 7333048, 7333049, 7331206, 7331205, 7331204, 7333050, 7333055, 7333057, 7333051, 7330484, 7333052, 7333053, 7333054, 7332866, 7332124, 7330327, 7333038, 7333039	151	38	2353	13.12234227953991	3.852184183663511E-30	1.9260920918317556E-30	1.8931674406893322E-30
UP_KW_MOLECULAR_FUNCTION	KW-0687~Ribonucleoprotein	37	18.974358974358974	3.8141685586538678E-31	7330328, 7332946, 7333044, 7333045, 7333047, 7333040, 7333041, 7333042, 7331467, 7331466, 7330696, 7330773, 7333328, 7331784, 7331783, 7333048, 7333049, 7331206, 7331205, 7331204, 7333050, 7329844, 7333055, 7332220, 7332221, 7333057, 7330484, 7333052, 7333053, 7333054, 7331896, 7330485, 7332208, 7333037, 7332124, 7330327, 7333039	135	51	1781	9.571096586782861	1.1061088820096217E-29	1.1061088820096217E-29	9.154004540769282E-30
UP_KW_MOLECULAR_FUNCTION	KW-0689~Ribosomal protein	36	18.461538461538463	4.7075406595652145E-30	7330328, 7332946, 7333044, 7333045, 7333047, 7333040, 7333041, 7333042, 7331467, 7331466, 7330696, 7330773, 7333328, 7331784, 7331783, 7333048, 7333049, 7331206, 7331205, 7331204, 7333050, 7329844, 7333055, 7332220, 7332221, 7333057, 7330484, 7333052, 7333053, 7333054, 7330485, 7332208, 7333037, 7332124, 7330327, 7333039	135	50	1781	9.498666666666667	1.3651867912739122E-28	6.825933956369561E-29	5.649048791478258E-29
KEGG_PATHWAY	ccs03010:Ribosome	42	21.53846153846154	9.807462108665093E-30	7330328, 7332946, 7333044, 7333045, 7330170, 7333047, 7333040, 7333041, 7333042, 7333043, 7331467, 7330774, 7331466, 7330696, 7330773, 7333328, 7331784, 7331783, 7333048, 7333049, 7331206, 7331205, 7331204, 7333050, 7329844, 7333055, 7332220, 7332221, 7333057, 7333051, 7330484, 7333052, 7333053, 7333054, 7331896, 7330485, 7332208, 7333037, 7332124, 7330327, 7333038, 7333039	126	60	1235	6.861111111111111	6.2767757495456595E-28	6.2767757495456595E-28	5.884477265199056E-28
UP_KW_MOLECULAR_FUNCTION	KW-0699~rRNA-binding	31	15.897435897435896	5.0074301641738575E-29	7330328, 7332946, 7333044, 7333045, 7333047, 7333040, 7333041, 7333042, 7331466, 7331784, 7331783, 7333048, 7333049, 7331206, 7331205, 7331204, 7333050, 7333055, 7332220, 7333057, 7333051, 7330484, 7333052, 7333053, 7333054, 7332866, 7330485, 7332208, 7332124, 7330327, 7333039	135	37	1781	11.053253253253253	1.4521547476104186E-27	4.840515825368062E-28	4.005944131339086E-28
UP_KW_MOLECULAR_FUNCTION	KW-0694~RNA-binding	36	18.461538461538463	2.8787260709181274E-25	7330328, 7332946, 7333044, 7332593, 7333045, 7333047, 7333040, 7333041, 7333042, 7331466, 7331784, 7331783, 7333048, 7333049, 7331206, 7331205, 7331204, 7333050, 7333055, 7332186, 7332220, 7333057, 7332123, 7333051, 7330484, 7333052, 7333053, 7333054, 7331896, 7332866, 7330485, 7332208, 7332124, 7330327, 7333038, 7333039	135	62	1781	7.660215053763441	8.34830560566257E-24	2.0870764014156425E-24	1.7272356425508764E-24
GOTERM_CC_DIRECT	GO:1990904~ribonucleoprotein complex	31	15.897435897435896	5.062345509243071E-22	7333044, 7333045, 7330170, 7333047, 7333040, 7331467, 7330774, 7331466, 7330696, 7330773, 7331784, 7331783, 7333049, 7331206, 7331205, 7331204, 7333050, 7329844, 7332220, 7332221, 7333051, 7333052, 7333053, 7333054, 7331896, 7330485, 7332208, 7333037, 7332124, 7333038, 7333039	142	41	1312	6.985915492957746	1.366833287495629E-20	1.366833287495629E-20	1.214962922218337E-20
GOTERM_CC_DIRECT	GO:0005840~ribosome	31	15.897435897435896	3.832163431722411E-20	7333044, 7333045, 7330170, 7333047, 7333040, 7331467, 7330774, 7331466, 7330696, 7330773, 7331784, 7331783, 7333049, 7331206, 7331205, 7331204, 7333050, 7329844, 7332220, 7332221, 7333051, 7333052, 7333053, 7333054, 7331896, 7330485, 7332208, 7333037, 7332124, 7333038, 7333039	142	45	1312	6.364945226917057	1.034684126565051E-18	5.173420632825255E-19	4.598596118066893E-19

Annotation Cluster 2	Enrichment Score: 5.812257357387735
Category	Term	Count	%	PValue	Genes	List Total	Pop Hits	Pop Total	Fold Enrichment	Bonferroni	Benjamini	FDR
UP_KW_DOMAIN	KW-1134~Transmembrane beta strand	21	10.76923076923077	6.792057034136641E-12	7330946, 7330614, 7333309, 7329797, 7333380, 7329698, 7329997, 7329898, 7331293, 7333562, 7332594, 7331341, 7329692, 7329783, 7330256, 7332846, 7331526, 7333104, 7330842, 7330214, 7332864	59	76	1289	6.036797502230152	5.433609118199456E-11	5.433645627309313E-11	4.075234220481985E-11
UP_KW_DOMAIN	KW-0798~TonB box	17	8.717948717948717	1.5202250112066002E-9	7330946, 7330614, 7333309, 7329797, 7333380, 7329698, 7329997, 7331293, 7333562, 7332594, 7331341, 7329783, 7330256, 7332846, 7331526, 7330842, 7330214	59	61	1289	6.088635732147819	1.2161800344578921E-8	6.080900044826401E-9	4.560675033619801E-9
INTERPRO	IPR036942:TonB_rcpt_b-brl_sf	20	10.256410256410255	2.9261919128924184E-9	7330946, 7330614, 7333309, 7329797, 7333380, 7329698, 7329997, 7329898, 7331293, 7333562, 7332594, 7331341, 7329783, 7330256, 7332846, 7331526, 7333104, 7330842, 7330214, 7332864	188	69	3317	5.1140918902251	2.197567747108664E-6	1.5136380132188328E-6	1.5055760264640054E-6
INTERPRO	IPR037066:Plug_dom_sf	18	9.230769230769232	4.030993377413669E-9	7330946, 7330614, 7333309, 7329797, 7329698, 7329997, 7329898, 7331293, 7333562, 7332594, 7331341, 7329783, 7330256, 7332846, 7331526, 7330842, 7330214, 7332864	188	56	3317	5.671162613981762	3.027271488265093E-6	1.5136380132188328E-6	1.5055760264640054E-6
UP_SEQ_FEATURE	DOMAIN:TonB-dependent receptor plug	17	8.717948717948717	9.81442711578354E-9	7330946, 7330614, 7333309, 7329797, 7333380, 7329698, 7329997, 7329898, 7331293, 7333562, 7332594, 7331341, 7330256, 7332846, 7331526, 7330842, 7330214	148	59	2976	5.793861658268439	1.5899359437909766E-6	1.5899371927569337E-6	1.5899371927569337E-6
INTERPRO	IPR012910:Plug_dom	18	9.230769230769232	2.934017368888159E-8	7330946, 7330614, 7333309, 7329797, 7333380, 7329698, 7329997, 7329898, 7331293, 7333562, 7332594, 7331341, 7329783, 7330256, 7332846, 7331526, 7330842, 7330214	188	63	3317	5.041033434650456	2.203422804103461E-5	7.344823480116692E-6	7.305703248531517E-6
UP_SEQ_FEATURE	DOMAIN:TonB-dependent receptor-like beta-barrel	16	8.205128205128204	4.595687980500494E-8	7330946, 7330614, 7333309, 7329797, 7333380, 7329698, 7329997, 7331293, 7333562, 7332594, 7331341, 7330256, 7332846, 7331526, 7330842, 7330214	148	57	2976	5.644381223328592	7.444986993898617E-6	3.7225072642054004E-6	3.7225072642054004E-6
INTERPRO	IPR000531:TonB-dep_rcpt_b-brl	17	8.717948717948717	1.1878621833703518E-7	7330946, 7330614, 7333309, 7329797, 7333380, 7329698, 7329997, 7331293, 7333562, 7332594, 7331341, 7329783, 7330256, 7332846, 7331526, 7330842, 7330214	188	61	3317	4.917073596093477	8.920447629034989E-5	2.2302112492778355E-5	2.218332627444132E-5
UP_KW_CELLULAR_COMPONENT	KW-0998~Cell outer membrane	21	10.76923076923077	1.6217114157060067E-6	7330946, 7330614, 7333309, 7329797, 7333380, 7329698, 7329997, 7329898, 7331293, 7333562, 7332594, 7331341, 7329692, 7329783, 7330256, 7332846, 7331526, 7333104, 7330842, 7330214, 7332864	90	87	1188	3.1862068965517243	2.4325395093116597E-5	2.4325671235590102E-5	2.1082248404178085E-5
UP_KW_MOLECULAR_FUNCTION	KW-0675~Receptor	19	9.743589743589745	2.4474794656688462E-6	7330946, 7330614, 7333309, 7329797, 7333380, 7329698, 7329997, 7329898, 7331293, 7333562, 7332594, 7331341, 7329783, 7330256, 7332846, 7331526, 7330842, 7330566, 7330214	135	72	1781	3.4813786008230454	7.09744725542194E-5	1.4195380900879308E-5	1.1747901435210462E-5
UP_KW_BIOLOGICAL_PROCESS	KW-0813~Transport	40	20.51282051282051	1.0193057851472021E-4	7330946, 7330746, 7329698, 7329797, 7333380, 7329898, 7329997, 7329733, 7333562, 7332594, 7331341, 7329692, 7332195, 7332196, 7332514, 7332558, 7330256, 7332515, 7332559, 7331002, 7331526, 7333104, 7330777, 7330214, 7330614, 7333309, 7332560, 7331073, 7331293, 7331072, 7331071, 7333058, 7329783, 7331654, 7331653, 7331652, 7332846, 7333357, 7330842, 7332864	75	254	788	1.6545931758530181	0.0037645199913521887	0.002149400737733477	0.002149400737733477
INTERPRO	IPR039426:TonB-dep_rcpt-like	10	5.128205128205128	1.1845921393228016E-4	7331293, 7332594, 7330614, 7330256, 7332846, 7333380, 7329698, 7333104, 7330842, 7332864	188	36	3317	4.901004728132388	0.08512527835466654	0.01779257393262848	0.017697806561482655
GOTERM_CC_DIRECT	GO:0009279~cell outer membrane	22	11.282051282051283	3.2791257396259954E-4	7330946, 7330614, 7333309, 7329797, 7333380, 7329698, 7329997, 7329898, 7331293, 7333562, 7332594, 7331341, 7329692, 7329783, 7330256, 7332846, 7330111, 7331526, 7333104, 7330842, 7330214, 7332864	142	91	1312	2.2337099520198107	0.008816000571646665	0.0022134098742475467	0.001967475443775597
UP_KW_DOMAIN	KW-0732~Signal	36	18.461538461538463	0.0020498825127416315	7330946, 7330902, 7329698, 7329797, 7333380, 7329898, 7329997, 7332197, 7333562, 7332594, 7331364, 7331341, 7329692, 7330256, 7332515, 7332416, 7333026, 7331526, 7333104, 7330214, 7331803, 7330614, 7333309, 7331808, 7329702, 7331293, 7329783, 7331097, 7330169, 7331654, 7330565, 7332846, 7330964, 7332423, 7330842, 7332864	59	531	1289	1.4811835679402472	0.01628188471917802	0.005466353367311017	0.004099765025483263
UP_KW_DOMAIN	KW-0812~Transmembrane	38	19.48717948717949	0.16402009284626978	7330946, 18668827, 7329698, 7329797, 7333380, 7329898, 7329997, 7332197, 7333562, 7332594, 7333344, 7331341, 7329692, 7331263, 7330256, 7330111, 7332417, 7333026, 7331526, 7333104, 7330777, 7330214, 7330614, 7333309, 7331073, 7331293, 7333497, 7332089, 7329783, 7331097, 7331654, 7333635, 7331653, 7331652, 7332846, 7330842, 7330566, 7332864	59	731	1289	1.1357091516149225	0.7614569795156908	0.2624321485540317	0.19682411141552372
UP_KW_CELLULAR_COMPONENT	KW-0472~Membrane	55	28.205128205128204	0.9973874689974568	7329698, 7329898, 7329733, 7332197, 7332594, 7333562, 7331341, 7332195, 7331263, 7332196, 7332558, 7330256, 7332514, 7332559, 7332515, 7330777, 7332510, 7332511, 7330214, 7333309, 7331293, 7329783, 7331097, 7331654, 7333635, 7331653, 7331652, 7333357, 7330842, 7331974, 7330566, 7332864, 7330946, 18668827, 7330746, 7329797, 7333380, 7329997, 7333344, 7332417, 7330111, 7331002, 7333345, 7331526, 7333026, 7333104, 7330614, 7332560, 7331073, 7333497, 7332089, 7331072, 7331071, 7333058, 7332846	90	869	1188	0.8354430379746836	1.0	1.0	0.9973874689974568

Annotation Cluster 3	Enrichment Score: 3.6070609062506938
Category	Term	Count	%	PValue	Genes	List Total	Pop Hits	Pop Total	Fold Enrichment	Bonferroni	Benjamini	FDR
KEGG_PATHWAY	ccs00020:Citrate cycle (TCA cycle)	14	7.179487179487179	1.4582730160420136E-8	7331979, 7332957, 7329732, 7329733, 7331272, 7331041, 7331040, 7331045, 7331265, 7331042, 7330123, 7331266, 7331966, 7331039	126	22	1235	6.237373737373737	9.332942998430127E-7	4.6664736513344436E-7	4.3748190481260407E-7
GOTERM_BP_DIRECT	GO:0006099~tricarboxylic acid cycle	10	5.128205128205128	1.9717922228276277E-6	7331041, 7331040, 7331979, 7332957, 7331042, 7330123, 7329732, 7331966, 7329733, 7331039	119	17	1417	7.004448838358873	1.7153137932346407E-4	8.4787065581588E-5	8.4787065581588E-5
UP_KW_BIOLOGICAL_PROCESS	KW-0816~Tricarboxylic acid cycle	6	3.076923076923077	1.1618382366126901E-4	7332957, 7330123, 7329732, 7331966, 7329733, 7331039	75	7	788	9.005714285714285	0.0042898235278877594	0.002149400737733477	0.002149400737733477
KEGG_PATHWAY	ccs01200:Carbon metabolism	24	12.307692307692308	1.3974649075151972E-4	7331979, 7332957, 7329732, 7329733, 7332461, 7331272, 7331041, 7331261, 7332033, 7331040, 7331045, 7331265, 7332460, 7331042, 7332031, 7332459, 7330123, 7330442, 7331266, 7331966, 7333213, 7331931, 7330148, 7331039	126	105	1235	2.240362811791383	0.008904518243602277	0.0017887550816194525	0.0016769578890182366
KEGG_PATHWAY	ccs01210:2-Oxocarboxylic acid metabolism	11	5.641025641025641	0.0012509454723896186	7331272, 7331041, 7331979, 7332957, 7331045, 7331265, 7331581, 7331042, 7330123, 7332280, 7331266	126	34	1235	3.1711017740429503	0.07698577020287911	0.01334341837215593	0.012509454723896186
KEGG_PATHWAY	ccs01120:Microbial metabolism in diverse environments	24	12.307692307692308	0.2505171269516494	7331979, 7332957, 7329732, 7332280, 7329733, 7331272, 7331041, 7331261, 7332033, 7331040, 7332177, 7331045, 7331265, 7331042, 7332031, 7330123, 7330442, 7331266, 7331966, 7333213, 7333379, 7331931, 7330148, 7331039	126	197	1235	1.1941020062847474	0.9999999903450589	1.0	0.9523809523809523
KEGG_PATHWAY	ccs01110:Biosynthesis of secondary metabolites	32	16.41025641025641	0.3848675446659534	7331979, 7329732, 7329733, 7331041, 7331261, 7331040, 7332033, 7331045, 7331265, 7331042, 7332031, 7331581, 7332459, 7331266, 7331966, 7332138, 7332957, 7329883, 7332280, 7332461, 7331272, 7332460, 7331214, 7331235, 7330123, 7330442, 7333059, 7333213, 7330964, 7331931, 7330148, 7331039	126	289	1235	1.0852968638435765	0.9999999999999688	1.0	0.9523809523809523

Annotation Cluster 4	Enrichment Score: 2.3598683850158135
Category	Term	Count	%	PValue	Genes	List Total	Pop Hits	Pop Total	Fold Enrichment	Bonferroni	Benjamini	FDR
KEGG_PATHWAY	ccs00785:Lipoic acid metabolism	9	4.615384615384616	1.5833133560751416E-5	7332461, 7331272, 7331041, 7331045, 7331265, 7332460, 7331042, 7332459, 7331266	126	14	1235	6.301020408163264	0.0010128153259761907	2.5333013697202266E-4	2.3749700341127124E-4
KEGG_PATHWAY	ccs00630:Glyoxylate and dicarboxylate metabolism	10	5.128205128205128	0.04071265531735646	7332461, 7331272, 7331979, 7331045, 7332460, 7332459, 7330123, 7331966, 7333379, 7330148	126	47	1235	2.0854441067207024	0.9300612658893268	0.3257012425388517	0.30534491488017346
KEGG_PATHWAY	ccs00260:Glycine, serine and threonine metabolism	6	3.076923076923077	0.12915122840816418	7332461, 7331272, 7331045, 7332460, 7332459, 7330148	126	27	1235	2.178130511463845	0.999856670499213	0.751425328920228	0.7044612458627136

Annotation Cluster 5	Enrichment Score: 1.7522826317206557
Category	Term	Count	%	PValue	Genes	List Total	Pop Hits	Pop Total	Fold Enrichment	Bonferroni	Benjamini	FDR
INTERPRO	IPR012340:NA-bd_OB-fold	8	4.102564102564102	6.957385013779859E-4	7332808, 7330109, 7332133, 7332123, 7330328, 7333047, 7333041, 7331896	188	28	3317	5.041033434650456	0.40707149989572367	0.08708326908914457	0.08661944342155925
UP_SEQ_FEATURE	DOMAIN:S1 motif	3	1.5384615384615385	0.013616253225705817	7332133, 7332123, 7331896	148	4	2976	15.08108108108108	0.8914981811736847	0.7352776741881141	0.7352776741881141
INTERPRO	IPR003029:S1_domain	3	1.5384615384615385	0.017591024323967003	7332133, 7332123, 7331896	188	4	3317	13.232712765957446	0.9999983724527807	0.8807239511532813	0.8760330113335567
SMART	SM00316:S1	3	1.5384615384615385	0.02456272442098268	7332133, 7332123, 7331896	46	4	666	10.858695652173912	0.7187019395121497	0.6263494727350584	0.6263494727350584
GOTERM_MF_DIRECT	GO:0003723~RNA binding	4	2.051282051282051	0.42317063155717527	7332133, 7332123, 7331896, 7332125	151	37	2353	1.6846250223733668	1.0	1.0	0.9913793103448276

Annotation Cluster 6	Enrichment Score: 1.691978492415574
Category	Term	Count	%	PValue	Genes	List Total	Pop Hits	Pop Total	Fold Enrichment	Bonferroni	Benjamini	FDR
INTERPRO	IPR009000:Transl_B-barrel_sf	5	2.564102564102564	0.0015707668895268208	7332131, 7332866, 7333038, 7330326, 7330325	188	10	3317	8.821808510638297	0.6928973983036483	0.16852084771923465	0.16762326663950503
INTERPRO	IPR004161:EFTu-like_2	4	2.051282051282051	0.00310776232732611	7332131, 7332866, 7330326, 7330325	188	6	3317	11.76241134751773	0.9034373915052832	0.29174118847773856	0.2901873073140755
INTERPRO	IPR000795:T_Tr_GTP-bd_dom	4	2.051282051282051	0.007998676898935747	7332131, 7332866, 7330326, 7330325	188	8	3317	8.821808510638297	0.9975972930541449	0.6674451501223051	0.663890182611667
INTERPRO	IPR005225:Small_GTP-bd_dom	4	2.051282051282051	0.01576280717617043	7332131, 7332866, 7330326, 7330325	188	10	3317	7.057446808510638	0.9999934244963451	0.8807239511532813	0.8760330113335567
GOTERM_MF_DIRECT	GO:0003924~GTPase activity	5	2.564102564102564	0.01579916387764914	7332131, 7332866, 7330326, 7332973, 7330325	151	16	2353	4.869619205298013	0.8448340698620058	0.31281909668705504	0.3074717617009516
UP_SEQ_FEATURE	DOMAIN:Tr-type G	3	1.5384615384615385	0.03188497914714533	7332131, 7332866, 7330325	148	6	2976	10.054054054054054	0.9947499036083842	1.0	1.0
GOTERM_MF_DIRECT	GO:0097216~guanosine tetraphosphate binding	3	1.5384615384615385	0.035534815577729625	7332866, 7330326, 7330325	151	5	2353	9.349668874172187	0.9854946928221416	0.5196966778242957	0.5108129739298634
INTERPRO	IPR031157:G_TR_CS	3	1.5384615384615385	0.05503814457963205	7332866, 7330326, 7330325	188	7	3317	7.561550151975683	1.0	1.0	0.996
GOTERM_MF_DIRECT	GO:0005525~GTP binding	5	2.564102564102564	0.07932766127507165	7332131, 7332866, 7330326, 7332973, 7330325	151	26	2353	2.996688741721855	0.999936861228222	0.7602433965770574	0.7472477829603555
UP_KW_LIGAND	KW-0342~GTP-binding	3	1.5384615384615385	0.2500581883629306	7330326, 7332973, 7330325	60	12	734	3.0583333333333336	0.9992489148260912	0.8879590351558749	0.8879590351558749

Annotation Cluster 7	Enrichment Score: 1.6545927458547234
Category	Term	Count	%	PValue	Genes	List Total	Pop Hits	Pop Total	Fold Enrichment	Bonferroni	Benjamini	FDR
GOTERM_MF_DIRECT	GO:0046933~proton-transporting ATP synthase activity, rotational mechanism	5	2.564102564102564	0.0024628219514905695	7332560, 7331072, 7331071, 7332558, 7332559	151	10	2353	7.791390728476823	0.2506173788722478	0.07203754208109917	0.07080613110535387
UP_KW_CELLULAR_COMPONENT	KW-0139~CF(1)	3	1.5384615384615385	0.04782662429903315	7332560, 7332558, 7332559	90	5	1188	7.92	0.5205531098009637	0.1793498411213743	0.15543652897185775
GOTERM_CC_DIRECT	GO:0045261~proton-transporting ATP synthase complex, catalytic core F(1)	3	1.5384615384615385	0.09228242916635275	7332560, 7332558, 7332559	142	5	1312	5.543661971830986	0.9267732026343761	0.27684728749905824	0.24608647777694065

Annotation Cluster 8	Enrichment Score: 1.4676477256351004
Category	Term	Count	%	PValue	Genes	List Total	Pop Hits	Pop Total	Fold Enrichment	Bonferroni	Benjamini	FDR
INTERPRO	IPR029061:THDP-binding	4	2.051282051282051	0.01576280717617043	7331041, 7331265, 7331266, 7331931	188	10	3317	7.057446808510638	0.9999934244963451	0.8807239511532813	0.8760330113335567
INTERPRO	IPR005475:Transketolase-like_Pyr-bd	3	1.5384615384615385	0.02823769255916328	7331041, 7331266, 7331931	188	5	3317	10.586170212765957	0.9999999995454336	1.0	0.996
SMART	SM00861:Transket_pyr	3	1.5384615384615385	0.039186639235552996	7331041, 7331266, 7331931	46	5	666	8.68695652173913	0.8698060769622207	0.6661728670044009	0.6661728670044009
UP_KW_LIGAND	KW-0786~Thiamine pyrophosphate	3	1.5384615384615385	0.07723396132830572	7331041, 7331266, 7331931	60	6	734	6.116666666666667	0.8659428256782369	0.5659112005750524	0.5659112005750524

Annotation Cluster 9	Enrichment Score: 1.378992858533285
Category	Term	Count	%	PValue	Genes	List Total	Pop Hits	Pop Total	Fold Enrichment	Bonferroni	Benjamini	FDR
UP_KW_DOMAIN	KW-0450~Lipoyl	3	1.5384615384615385	0.011265684691298215	7332461, 7331042, 7331266	59	4	1289	16.385593220338983	0.08665079019660893	0.02253136938259643	0.016898527036947324
INTERPRO	IPR003016:2-oxoA_DH_lipoyl-BS	3	1.5384615384615385	0.017591024323967003	7332461, 7331042, 7331266	188	4	3317	13.232712765957446	0.9999983724527807	0.8807239511532813	0.8760330113335567
UP_SEQ_FEATURE	DOMAIN:Lipoyl-binding	3	1.5384615384615385	0.06944225802604553	7332461, 7331042, 7331266	148	9	2976	6.7027027027027035	0.9999913618861822	1.0	1.0
INTERPRO	IPR000089:Biotin_lipoyl	3	1.5384615384615385	0.08763590201212344	7332461, 7331042, 7331266	188	9	3317	5.881205673758865	1.0	1.0	0.996
INTERPRO	IPR011053:Single_hybrid_motif	3	1.5384615384615385	0.10560417572043797	7332461, 7331042, 7331266	188	10	3317	5.2930851063829785	1.0	1.0	0.996

Annotation Cluster 10	Enrichment Score: 1.3123500217426893
Category	Term	Count	%	PValue	Genes	List Total	Pop Hits	Pop Total	Fold Enrichment	Bonferroni	Benjamini	FDR
GOTERM_MF_DIRECT	GO:0003899~DNA-directed 5'-3' RNA polymerase activity	3	1.5384615384615385	0.022244765408666586	7332227, 7331785, 7332226	151	4	2353	11.687086092715232	0.9280671089227603	0.37180536468771297	0.3654497174280939
GOTERM_BP_DIRECT	GO:0006351~transcription, DNA-templated	3	1.5384615384615385	0.03690943699904434	7332227, 7331785, 7332226	119	4	1417	8.930672268907562	0.9620650005830941	0.7533935356474446	0.7533935356474446
KEGG_PATHWAY	ccs03020:RNA polymerase	3	1.5384615384615385	0.05320869607319669	7332227, 7331785, 7332226	126	4	1235	7.351190476190476	0.9697815166196725	0.3783729498538431	0.35472464048797797
GOTERM_CC_DIRECT	GO:0000428~DNA-directed RNA polymerase complex	3	1.5384615384615385	0.12889974137121268	7332227, 7331785, 7332226	142	6	1312	4.619718309859155	0.9759098306856722	0.34802930170227425	0.30935937929091045

Annotation Cluster 11	Enrichment Score: 1.0480077650348727
Category	Term	Count	%	PValue	Genes	List Total	Pop Hits	Pop Total	Fold Enrichment	Bonferroni	Benjamini	FDR
KEGG_PATHWAY	ccs00010:Glycolysis / Gluconeogenesis	8	4.102564102564102	0.017783603858815382	7331261, 7331272, 7332033, 7331045, 7331265, 7332031, 7331266, 7333213	126	28	1235	2.8004535147392287	0.6828538159639965	0.16259294956631207	0.15243089021841755
UP_KW_LIGAND	KW-0670~Pyruvate	4	2.051282051282051	0.11223597647573692	7331261, 7331265, 7331266, 7333213	60	15	734	3.2622222222222224	0.9490154566868448	0.5659112005750524	0.5659112005750524
KEGG_PATHWAY	ccs00620:Pyruvate metabolism	6	3.076923076923077	0.3596042699526414	7331272, 7331045, 7331265, 7331266, 7331966, 7333213	126	39	1235	1.507936507936508	0.9999999999995901	1.0	0.9523809523809523

Annotation Cluster 12	Enrichment Score: 1.02583718097773
Category	Term	Count	%	PValue	Genes	List Total	Pop Hits	Pop Total	Fold Enrichment	Bonferroni	Benjamini	FDR
INTERPRO	IPR015422:PyrdxlP-dep_Trfase_small	6	3.076923076923077	0.03139299108487646	7331581, 7332460, 7333613, 7332459, 7332280, 7330148	188	32	3317	3.3081781914893615	0.9999999999604767	1.0	0.996
INTERPRO	IPR015421:PyrdxlP-dep_Trfase_major	6	3.076923076923077	0.04420479470300041	7331581, 7332460, 7333613, 7332459, 7332280, 7330148	188	35	3317	3.0246200607902733	0.9999999999999982	1.0	0.996
INTERPRO	IPR015424:PyrdxlP-dep_Trfase	6	3.076923076923077	0.04420479470300041	7331581, 7332460, 7333613, 7332459, 7332280, 7330148	188	35	3317	3.0246200607902733	0.9999999999999982	1.0	0.996
GOTERM_MF_DIRECT	GO:0030170~pyridoxal phosphate binding	4	2.051282051282051	0.26285656351776654	7331581, 7333613, 7332280, 7330148	151	28	2353	2.226111636707663	0.9999999999999997	1.0	0.9913793103448276
UP_KW_LIGAND	KW-0663~Pyridoxal phosphate	3	1.5384615384615385	0.46059987599128593	7333613, 7332459, 7330148	60	19	734	1.931578947368421	0.999999801492898	0.8879590351558749	0.8879590351558749

Annotation Cluster 13	Enrichment Score: 0.8533080259356687
Category	Term	Count	%	PValue	Genes	List Total	Pop Hits	Pop Total	Fold Enrichment	Bonferroni	Benjamini	FDR
UP_KW_CELLULAR_COMPONENT	KW-0964~Secreted	5	2.564102564102564	0.009148574874673658	7331261, 7333201, 7329870, 7329809, 7333202	90	12	1188	5.499999999999999	0.12877952124608816	0.06861431156005243	0.05946573668537877
UP_SEQ_FEATURE	DOMAIN:Flagellin N-terminal	3	1.5384615384615385	0.0432112393626926	7333201, 7329870, 7333202	148	7	2976	8.617760617760618	0.9992198061271365	1.0	1.0
INTERPRO	IPR001029:Flagellin_N	3	1.5384615384615385	0.05503814457963205	7333201, 7329870, 7333202	188	7	3317	7.561550151975683	1.0	1.0	0.996
UP_SEQ_FEATURE	DOMAIN:Flagellin C-terminal	3	1.5384615384615385	0.055779865832967616	7333201, 7329870, 7333202	148	8	2976	7.54054054054054	0.9999084058746277	1.0	1.0
GOTERM_CC_DIRECT	GO:0005576~extracellular region	5	2.564102564102564	0.06808979988451488	7331261, 7333201, 7329870, 7329809, 7333202	142	15	1312	3.07981220657277	0.851029675923462	0.26263208526884313	0.23345074246119388
INTERPRO	IPR046358:Flagellin_C	3	1.5384615384615385	0.07071796714022482	7333201, 7329870, 7333202	188	8	3317	6.616356382978723	1.0	1.0	0.996
INTERPRO	IPR001492:Flagellin	3	1.5384615384615385	0.07071796714022482	7333201, 7329870, 7333202	188	8	3317	6.616356382978723	1.0	1.0	0.996
GOTERM_MF_DIRECT	GO:0005198~structural molecule activity	3	1.5384615384615385	0.15227167991590104	7333201, 7329870, 7333202	151	11	2353	4.249849488260084	0.9999999959632399	0.8483707881028772	0.8338687233489819
GOTERM_CC_DIRECT	GO:0009288~bacterial-type flagellum	3	1.5384615384615385	0.2508825511916743	7333201, 7329870, 7333202	142	9	1312	3.07981220657277	0.9995899397702783	0.5644857401812672	0.5017651023833486
UP_KW_CELLULAR_COMPONENT	KW-0282~Flagellum	3	1.5384615384615385	0.8167906027068952	7333201, 7329870, 7333202	90	40	1188	0.99	0.9999999999912054	1.0	0.884856486265803
UP_KW_CELLULAR_COMPONENT	KW-0966~Cell projection	3	1.5384615384615385	0.8167906027068952	7333201, 7329870, 7333202	90	40	1188	0.99	0.9999999999912054	1.0	0.884856486265803
UP_KW_CELLULAR_COMPONENT	KW-0969~Cilium	3	1.5384615384615385	0.8167906027068952	7333201, 7329870, 7333202	90	40	1188	0.99	0.9999999999912054	1.0	0.884856486265803
KEGG_PATHWAY	ccs02040:Flagellar assembly	3	1.5384615384615385	0.9382981406680324	7333201, 7329870, 7333202	126	42	1235	0.7001133786848073	1.0	1.0	0.9523809523809523

Annotation Cluster 14	Enrichment Score: 0.780782541299033
Category	Term	Count	%	PValue	Genes	List Total	Pop Hits	Pop Total	Fold Enrichment	Bonferroni	Benjamini	FDR
GOTERM_MF_DIRECT	GO:0005524~ATP binding	23	11.794871794871794	0.06347123017490719	7330109, 7332186, 7332593, 7332560, 7329690, 7333370, 7333283, 7333151, 7332558, 7330531, 7331235, 7332559, 7330530, 7332417, 7331002, 7333059, 7333213, 7333379, 7333368, 7333149, 7332138, 7331039, 7331710	151	248	2353	1.4451773125400555	0.9995344445399714	0.7602433965770574	0.7472477829603555
UP_KW_LIGAND	KW-0547~Nucleotide-binding	23	11.794871794871794	0.11021521079784868	7330109, 7331272, 7332186, 7332560, 7331040, 7331045, 7333370, 7333151, 7332031, 7331235, 7332866, 7330530, 7332417, 7331002, 7333059, 7333213, 7333368, 7330326, 7332973, 7333149, 7330325, 7332138, 7331039	60	216	734	1.3026234567901234	0.9460334778332513	0.5659112005750524	0.5659112005750524
UP_KW_LIGAND	KW-0067~ATP-binding	15	7.6923076923076925	0.6498811267346631	7330109, 7332186, 7332560, 7333370, 7333151, 7331235, 7330530, 7332417, 7331002, 7333059, 7333213, 7333368, 7333149, 7332138, 7331039	60	184	734	0.9972826086956522	0.9999999999959692	1.0	1.0

Annotation Cluster 15	Enrichment Score: 0.4465392128984527
Category	Term	Count	%	PValue	Genes	List Total	Pop Hits	Pop Total	Fold Enrichment	Bonferroni	Benjamini	FDR
UP_KW_LIGAND	KW-0001~2Fe-2S	3	1.5384615384615385	0.2500581883629306	7332195, 7333351, 7329732	60	12	734	3.0583333333333336	0.9992489148260912	0.8879590351558749	0.8879590351558749
GOTERM_MF_DIRECT	GO:0051537~2 iron, 2 sulfur cluster binding	3	1.5384615384615385	0.4141325354610001	7332195, 7333351, 7329732	151	22	2353	2.124924744130042	1.0	1.0	0.9913793103448276
UP_KW_LIGAND	KW-0411~Iron-sulfur	5	2.564102564102564	0.4417758076945474	7333352, 7331979, 7332195, 7333351, 7329732	60	42	734	1.4563492063492063	0.9999995320317916	0.8879590351558749	0.8879590351558749

Annotation Cluster 16	Enrichment Score: 0.44388094336871564
Category	Term	Count	%	PValue	Genes	List Total	Pop Hits	Pop Total	Fold Enrichment	Bonferroni	Benjamini	FDR
UP_KW_CELLULAR_COMPONENT	KW-0997~Cell inner membrane	13	6.666666666666667	0.13526641937842626	7329733, 7332560, 7331072, 7333058, 7331071, 7332558, 7332559, 7331652, 7332417, 7330111, 7331002, 7333357, 7332511	90	114	1188	1.5052631578947369	0.8869592924795294	0.4057992581352788	0.35169269038390827
UP_KW_CELLULAR_COMPONENT	KW-1003~Cell membrane	19	9.743589743589745	0.3775300051479665	7329733, 7332560, 7331072, 7333058, 7331071, 7332195, 7331654, 7332558, 7331653, 7332514, 7332559, 7331652, 7332417, 7330111, 7331002, 7333357, 7330777, 7332511, 7330566	90	220	1188	1.1400000000000001	0.9991838380811229	0.6292166752466108	0.5453211185470627
GOTERM_CC_DIRECT	GO:0005886~plasma membrane	21	10.76923076923077	0.9124639220696998	7330746, 7329733, 7332560, 7331072, 7333058, 7331071, 7332195, 7331654, 7332558, 7331653, 7332514, 7332559, 7331652, 7332515, 7332417, 7331002, 7333357, 7332510, 7330777, 7332511, 7330566	142	235	1312	0.8256517830386575	1.0	1.0	0.9230769230769231

Annotation Cluster 17	Enrichment Score: 0.36720337964514616
Category	Term	Count	%	PValue	Genes	List Total	Pop Hits	Pop Total	Fold Enrichment	Bonferroni	Benjamini	FDR
GOTERM_MF_DIRECT	GO:0051539~4 iron, 4 sulfur cluster binding	4	2.051282051282051	0.38796420445807006	7333352, 7331979, 7333351, 7329732	151	35	2353	1.7808893093661307	1.0	1.0	0.9913793103448276
UP_KW_LIGAND	KW-0411~Iron-sulfur	5	2.564102564102564	0.4417758076945474	7333352, 7331979, 7332195, 7333351, 7329732	60	42	734	1.4563492063492063	0.9999995320317916	0.8879590351558749	0.8879590351558749
UP_KW_LIGAND	KW-0004~4Fe-4S	4	2.051282051282051	0.46173869828105496	7333352, 7331979, 7333351, 7329732	60	31	734	1.578494623655914	0.9999998117092723	0.8879590351558749	0.8879590351558749

Annotation Cluster 18	Enrichment Score: 0.28586313942105845
Category	Term	Count	%	PValue	Genes	List Total	Pop Hits	Pop Total	Fold Enrichment	Bonferroni	Benjamini	FDR
INTERPRO	IPR027417:P-loop_NTPase	13	6.666666666666667	0.18826548032992751	7332131, 7332593, 7332560, 7333370, 7332558, 7332866, 7332417, 7331002, 7333059, 7333368, 7330326, 7333149, 7330325	188	160	3317	1.4335438829787235	1.0	1.0	0.996
INTERPRO	IPR003593:AAA+_ATPase	5	2.564102564102564	0.6081404022642769	7332593, 7333370, 7332558, 7333368, 7333149	188	74	3317	1.1921362852213917	1.0	1.0	0.996
SMART	SM00382:AAA	5	2.564102564102564	0.7610089891457569	7332593, 7333370, 7332558, 7333368, 7333149	46	74	666	0.9782608695652174	1.0	1.0	1.0
GOTERM_MF_DIRECT	GO:0016887~ATPase activity	5	2.564102564102564	0.8248654282647945	7332593, 7333370, 7332558, 7333368, 7333149	151	88	2353	0.8853853100541843	1.0	1.0	0.9913793103448276

Annotation Cluster 19	Enrichment Score: 0.1617763811994621
Category	Term	Count	%	PValue	Genes	List Total	Pop Hits	Pop Total	Fold Enrichment	Bonferroni	Benjamini	FDR
UP_SEQ_FEATURE	ACT_SITE:Proton acceptor	6	3.076923076923077	0.46086564540755925	7331261, 7331272, 7331045, 7330442, 7331966, 7329733	148	90	2976	1.3405405405405406	1.0	1.0	1.0
UP_KW_LIGAND	KW-0274~FAD	5	2.564102564102564	0.7680429023766291	7331272, 7331045, 7330592, 7329883, 7329733	60	63	734	0.9708994708994708	0.9999999999999999	1.0	1.0
INTERPRO	IPR036188:FAD/NAD-bd_sf	3	1.5384615384615385	0.7831916573523455	7331272, 7331045, 7329733	188	50	3317	1.0586170212765955	1.0	1.0	0.996
GOTERM_MF_DIRECT	GO:0050660~flavin adenine dinucleotide binding	3	1.5384615384615385	0.8129551880938097	7331272, 7331045, 7329733	151	47	2353	0.9946456249119348	1.0	1.0	0.9913793103448276

